00011011000100100000011111011011100010011001001000111101101101111100110100100001011111100110000011010100001011100010100000000101111010010111101010010001100110101000110111100000100001010000010001110010101000110010010010101101010001001010010010100110100011101001110100111001000001111000010100000001000110000000000010001101100110000010111101011011000101010111111101100100011101011011000100100101100110010010111101111011010100000010110010000000111101110001100010001000111010101010100000011010010001100001010110100111
01110001011000101111001101001010010000000000011101111001100111101010100111011111101101011111111011010111101001110001111000100001000001111101110010001000111001101011111010001111011111010101111110010000100010011101000000100000111011000000001110001100010010111010111101101110001010111110110100010111001101110011010110111010111000111110101100000000111110001110001110001010110011011111111011101100010011010101100000010111101000011010010010000111100001011110110100100010110101110101101010000000011111011001011101010111
00111011110101111011100110111110101001101101111001000000011100001011100101100111100001100110110110101011100100100011111001101100000101111100010011010100110011001101010111110100100101010100000101000110111100010110101101001101001101011100001111100110000111010011111010001010100100001110010001110101101010110110101000011010010100110101011001110001111101101010101100101110011000001110111111010000011101010101100000111101010010011101110011110000000101011000011011011101111101010110010101101100101000110110000110110111
01000001101011101111011110011101000100011101010010111110001101010000001010100011100001010110010000100110100000110100111000101010101110100001111000011100011000011010101101011111111110111000011101100011111100110111100101011110101011100100001001110001110100001010100110010101001011110100100010000000000101011111011010111001101110000111110011110111111000011010011100011101001111001101011000000001100101101001110111100011110000101011110100001100101011010001110110011100000111111101011010000011010011111100000000110101
00100001100110001011010110100011000101111100110010101101100001101101000000100111101011100111001100000000010100101001011010011110111101000111001111100000001000000111100001110000010111011100001001000100000010111100100000011001111001100011010101111111101110011001000111111101001101010110111000000000001011100011011101111111011100101111110100101101001000000001001000011111001111010011000001110011010100010101011000101010011101000101111110011011010110001100011110101010101100010011000110010000000110110001001100100110
01100011110111101010000111001110111000101011011000010101010110111110011100011010011111110010011111000011010001011010000011010101100011100000000110110111101101000110010000001110000000100110001110101010111111101100110001001000011011100100011001001110001000001001111011101101001110011100100111110000001001110000111111100011010111001101011101001011000110101001100100010110101011100000111110101001000101110011001110111110011001111101111001101001101110000100010001000001110111001000111011111111011111000011001100001010
00100010100100100111110111011011111010111000001000000010110110101010011011011101100111010011011001111001101110010000111001011011110011101111000001001110110000111011001010111001011100101111010011111001001000001001010110001011110111010001001101101101111111111111101001011110011000010101100000000111001101001000000111110101100100000001010011011100100010000000100110111000100010101100100100101010010100010111111110100100101101011001111101011101000111111111011100101111101100110001101011001111100110010100100011001110
11111111011000110100110111110101010110111001111011001100110100011011001111101010001111100101011000111111100011101011110101000110111101001000010000010011111101011001010001100110110100011000111010100100011110110010100110101000100001110001010111110000000011111000000111100110110000101101100001001001011101000101101111001100111000101011000101010110010011110000111010011000111111010000010010011001001110101001000000111011011101110110011110001011011100110000100001100100010011110111011011111100010011100110111011000000
10001010101000101110110100010101010100010100001110100100001100111011110101010011010110101011001000110001000100011111000000011110101101011100110011111011001001001110110110001010001111100100101100110000111000110000111110001100100100000100000011011100100101111000000110111001010101011100101010011011100010101000000110100000011001000100010100110110101011010101010100110010101111000001001111110110100101100111100111100001000011111101001000010011110100010000101100000110000110001101010000100101010011010000000100010101
01111101101101010110100111010111110111111110111011010001101001010011001111110100000010100101100101101111101101100100111000110101010101011101010110100011100111111010010010110100111001011110110101000011101111010100011110000000101000100010110001111111001000111110010111000100110110111010110001101010110000000110010000010001001101101110110010100100011000101010011000111100101111111001110101111101100000000110000101110110001100001111000110111010011001100110110101101010110001010000101100111110000110000011001001100010
10111000010111011010000100110001011111101101011011100001100000010101101110010101011100010101111010111010111001001111010110000110101100010110100101000010000111100100110110111011011000111111000111101001100011000000001110111001001010001001000010110011100010100101001100010100100010110000010011011111110010001101101111101001000010010011010000110001111100101011111111001110011010100100100101100001111000010111000100100010110000011011000000100011101011011011011100011100100111000111000000001001001101000110101011111011
10010101101100001001101100110001111110110000001011100001101111000111111110000111011010101100101000100111100100110101010011001010100100100100100010001010100001110011101110100101110011100001101100101101110100101111110010110000110011011011100101110100010000011010011011010001101010001110001100110001101111110101100000101000101101011111010000010111010111010101101010110101110000011011100001001110101100110001100111111001001110011111011101100011011000111110010011110111011110110000111011110101001101111001100100010101
01011001111110001010100101011001010110110000110000100101010001011100111110011100001011100010100000000000001010111011111111010110110100101100100011110001000111010001111110110101110011010010010011101001100100100010001100010110010001111011001011111101110110011111000101110011001010011111000011000000000000010011010111001001111101100101001100111100100001110111101011011010101100010011101111110011010111000111110010000010000011000001101101100100000011111111100010110111011001001110110110011111101000110111101101001101
10011111000111101000010110100101110000000110001110111000111110011110110101111010000101100000110011000001111110011001010110011101100111110011111011110111010010000001110110101111110101000110111011110100100111000101111011010110011000001011110011101000001110111000100101110101011000001100100011111000101101111110000100000110110001110000100011111111000000001111100110001010011110001100110000000110110101000011000110100101011101110100001111101001000110101011000011010111001010011101101011100010100110100111100110011000
01111101111001011101110111010101000001010011010101011110000010100110111000110001100101110011100001111110010111011111001101101100010101000011110000011010001011010110000101001101100000111011001100110101011000101010110101000011100010011001111010101101100010000010101101110110110110010111100001010111001000111111100001110101100100000010010001000111110001001000000100011001011011101011011011111011001110100111111111110110000010010101000010010000101000110011001010001000010110000110011101011010011001101010001011000010
10111011111111001001010100010111101101010010111001100000100011111110011110110100111000110110111000100111111101110001110011010011011100001000011100000001110001011110011001001100000100001011110110101001011000000100011001000111001000001100011100011111100010010100010001100000111110000001101001111110101110110011001101000101011011011011110101101010110100110010101111000000111000100001111111111000011010011010110110011111100100001011011010100100001010001011110010001010101101001101000000110001000111001001100111111000
00101100011100011110011100010110011111101101111001010001111011111110111101010010100000000111011001111011101011000010100110110010001000110100110011000101000000011111100001001100011110010010101111011100011110000011010010100111000110011010100100010101001011100000001110001100101000011010111011111001011110101100111001010000111111111110010010000100101101010110010101001111010111000111000001001001100100001011100001011001110010010101110000010001011101110000111001011011010101010111000000100011000101101111110111111110
00010011110100111001111110110000110111011000111000101101010000111001111001011100101100100111001010101001110011101000111101011011000001101111010101011000111001001000100001101000001000111000111010000000101100111111111110001100000000011010001000001011011101000101010011101000100111100100101000001111000010000110000101110111001100100011001100010111101100001110001010110000010100000101011000101100110110011001111100111001011111111111001111110111110011110100110111001000111001101001111010010010110001110011000101101010
00101000110010111001101110101001111001010111000110000100000011001110011011010000000010101011100000110111011011010011101011110110111011011110100110001011011001111001000010010110000110101011000111110001010010010011110001100001000100110010011001111111100111101100000000000011110111010000001011001110000110011111001110111110011100001101001100110001011110010001100011000001110110101101101110100001111100101101001111000101101000001010111101010111111001110100000110110011111010001000111101100001101111010101001101011111
00010100110000101111100101011101100111001100001101111111011101101100110001101000111001010010110000001110010100100001101111010101111111110111000100111011111100010100011001010000110000010100011010010011101011110110100011000010000111011000100111001101000101011010011101101010000010100110010011000101100101010011001001110010100010110010001000000111001101000010000101101011011000000110110011111001101100101100100000101111010001110011101000011101101001100111110000010001101101001000111100100101101100111101001110101111
10101010001111001110111100010110110001100001001101100100011011010101101000111101011001001011001111100100111001111100110110011001011100001111000011101010000010010001001010111101101101111011100010101000111101111111100100100101001111011010100110001001101011000110110101000011110111111000011110101000001110010000101100000001111101011110010011001001010011111001111100000001010100001100000111001110011011100010010110110010100110111010001010011001110111001011100110111011000011110001100100001101011001111000010011110111
00011001110010110000010011010010011100010101110011110100101001100000100101101011100110010100101110111000100111100101000000001111001000100010000011010111100110111010010101001011111101000011010010011000101101110101001010010000010110000001100110100010011101001100000101010000011001101001101110110000011110010100101011011001110000110110100111001011000000110011010011101110100100110001001011001001110100001111000000110010101010000010000001010000111110101011001110001110110011011101011111000001001001110010010100000000
10110000110110010001100011001001011011010111111011000001011101110010010110100000100010110110111100011111000111110010110110010011101000010101010001010111011110101110010011000110100111111011011010000111010000000000011011100110001101010101100010011000011010111011001101100010100110011100110001111100001101100000101010001100111011000101111011110001101110011110111100011010110010010100000101010111010010001101101111000110111100101010000001000000111100101001101000001110010000111011101110111000000001011110111010001110
01110000011001111101010100010011011111111100111101001010010001100100010100001110111010111100101011000100100101001010001111001011101111011110100111110110101111001110010111010010100111011011000110001100000010110100000000000010001000111001011111100001110010001011100100111101100000011111101110010011101101001001100111011101100100101100010001000000111101001110001101110100001101000101011101001101100101001000101101101101010010101111111011111110111000111101110010100001100001011000000110110001110010100001111100001101
01001101001001111101101111110010001100101000000010111000111001010010000111101001011100100110010000000000111001000001000100011011001100100011010100001000100111001011011000000001010110111001001101000011101000110101100101000101000011001110100101101110111101111010011100000111100111100100101100100000001110000011010111000010110101111111100001101100011111110110100110011100011000101011010000010010100100010110110100000000110010000000000000010010010100000101101101011011111111111110000010100111111111001011111111101010
10010111100110010010100001001010110110110001110000111010001111111001101111101100111101001111110001101111011000010010111111110011100000100111011001010100100110111000011100001100101000001101011111011011001011110110001000111101110011001110001000110100001100001010110110101010000011111111100011010101010010101101110110011101000101010001001011011110010101010110100111111010111000111101101101000000100110010101110001111010010011000001111011100000001101110111110101111001101110001111111011000011101010001001111001110110
00100010111110100000001011111011001001110100110000110011101000101101110010011111010010100100001101101001100000010011101110111111100010100011010001011101000001100100111101100111011010000111101101010011001010010000001000101001000011011010110100010110000100101011010000000011100000100111001000001001000101001011010110000000001011101100100110110110111011101001111101111000110100010001011100101111001011110100001000111110001011111111010100001011111010111010001111000010011100111001010110100010101100001010001010000101
10000000001001011100111001101110001110001011011000011001111110000100001100001101001101010010001010001011110001010101010000000000010101110010111100100010000010001000010110110100100000010001001101001100011001011001101001000011000101110010011001111100100100011010111100001010100111100011001001001111010011000000000000001101100101000101111001000011010011111101001101111001111011101000000010100011101000100000000001110111110000100111110111000010110101100101011000001000011100100000100001000100011000111011110110001001
10010111000001011010110010001100110010100101100011011100100000010001001110011100001101110101101110111111000000111110111111111100011100010001000001010011000101101000010001001000100110110101001100010010001110010001000011001101110101000100110010100100010011000101001111011011111111010001100110111010110000101011011000010110110100001100000010011110101101100101111011100101100011011000101100010101001100101010000000101001001110100011111010011101111100111101010110101001001101001100011101001101110010111100001110011011
10101000100001101000010110110100101100011101000111101000110111110001111100010100100100000011100111000001101011010101100111100111101111111001111101010000010010011110110110100011111111110010101000110011011000001011110001100000100111011010101011101101000111101000111100011110110000001000101001100100101010000001100111011011000110001011000111111011000011110110001010101110010111001110110000111110010100011101000011110111000111100101010011101101101110011001101001001011010101111011010011011001111001010110110100111001
11000001110101010111111001101101000110001100110101001100010101001000101101101011001111001111111000100111011010101000000010010000100010011111111111011101110101011100101001110111000111000010000100101011100100111111011010100010101100010001000000010110001000001011010100011010100111011101111001001010010000010000110100010010100111010000111101001001101100100001001100101011100100010100101101111110101010010110001111000000001101101010100111000001000010101001101000101001011110011000101001101100110110010101100100010000
01111111110001001001110000111010000010000010010010100011011100111110001010011101101100101100011100111000101000101100101110000101111010001110011001001011000001100101000100001000000000100100000010011011111011100101010110000101111000111010111100011001000100010010110100001010101011001001101011110010111100111100101101000111111000000000001101001100110111001000111101010100100000110010000100111000100101001110010000000011111111010111110110000010110100101011011011010111011010010100100101110001010010100011001001010101
01111001010100111111001010100010110100110101110011010101110000001001110011111110100000010110100001000000101101010101111101010010010110110001111100100111110010101000111010100011110010011100000111110100010110011000010100111111010111000101100000100100100001001000001011010000001000011110010100111101010010111011010000011001111111011010111100001110100100001011010110101011010001101000011110000001111010101101000000001011110110101010100100101111010100111010111101100100100010110110111110110010010001001001111100010111
11000010101001111010011110111001101010011011001100000010100001010101101011001011001010101100001110101000000101111001110101010001101001000110101000101010111101101010101010000011110110011101101001011011110010111011001010111111001000001011011011111100100011000111011011001111011001011001100000101000100000001111100000101011111001101011100100110101010010100100011011110101110100000100001001000000110011010100101101111000110100011000010111101100000011011001100010101100100010011111001100010010001011110100111010101100
11111010111001010111000111011100011101010001110101001011111000111100010011111011100001100001101010110101110101011110001010101111000111001011010101010000011000011010100111111001100010000011010100010001100100001011111111101110110101111001100001110111000111001101011100111111001000000000011010011000111001000001010001111000111011010001001010110000100011101100000001010110010011000101011101001001110100100010010101100101001010001101010010000010000101000000101011100011110101110100110011100110111000001101100000100000
10001000100010001110011110001100110001100000010001100111111001100110100011100000001110101011111110111010100101100100000101001101011001110011110110100110110111010110110000100110010000101111000001000110110001011011100011101111010110101100101101111010100000010100110001010001011110010011001000011100111011011111101111110100111101111111110101000010000101000111001110111100101110111010101010000011110000011011110011111000010110101010000011100001010010111011111110111110100100001111101101011101011101110001110101100100
11011110011010001010001001001110111110010011100110010011100000010011000001110001001011000001001001100100101110101100001111101100101111001010101101110111110100000100001001100000111011000000101010011000110010100101100101101101010101000010001111010000011110111010011101000010111101011110100001011101111101001000001000001110100001111101111000011000000111011001101010110100101110101100010000000000001110011110110100010101110101000101101001010100010101111010110001011101101010001011101101011010110100001110111110110001
00101000111110000001011000111011000001100010111011001101100100000100111011100100010010011110100010110110001100000110111011000011011000011111010001111111111011001011100000100100001100100111000000110101001011101101000000010110001000101010011010100110100110100101011101001100111011111100111101011101100011001101001110000100101001111011101000011111101110000101110001000101101000010011011000000011001111100101111111100111101101100110100111011010010010011110101001111000111011100101110110001000110001001111100101101100
01111100000110111011001001101111011100111100101011000111100100111101111011010010010001100111001000001000111000111110001011110101111011000001110000000110101000001011010010101011111010001010100010111000001111001010010011110000000110110011001001000010101101110000110111010111000010000001000111000000000110110111001101110110111111010001010101101110111011100111101010000110110100001101111000001010101001110101110101100011100100011101001010100110011001011000011000011111101010111111001101100001100011011011111010011110
11000101101101001000110001000010010001001100011100100110001000001100111000110111000100100010001010001111000001001001110001111100100010001000110110111100001100010100110001010011100001101111010000110000001110100000110100110001100101011010110011001101101100000110011010110101011110101101100110000010101011001111100100011110010001001001011001111010101110011111000100001110111000101011111100011001001100011011100001111001011101001101011111000110001010111001000111011111011101010000011110110101110011001111000100010101
01101101110101001101000011010010010011001111111001011100011101100010010111010101000100101010010111001101001001111110010100001000100100001111001000000111011110111001111000011011110100011100010010100110001000011011001010011001110101101000001011110101101100011111101111011111111110111101010001000110000011010110111010110101110001100101100111011010001101100110110000101111011011100000110000111001001011101000000010100111111001000101011100100100010100010001010110011101100011111001100001100000001000110010010100011010
00100000000001101100001000100110110000001111001110000100011011101111101100010111110011010001000100010101111110101010011001001110110001001111110111111010000111111101101001100100100101011100001001111011000101010010100011100101010011000100111111101111111001100110010101100001101111000010110011011010100100101011101010010111101001000011100011101111001110110010101111001101111011100101111100010000010111110000101000100011101000001010010000011100001111110001101110000110001101110100001000001010000011111010100001001111
01101010000111111101001011010000010011001111111110110101101010011101011110111111100111111011011111111101110111101011100000101100111010000000000110001000000100010000011110110001101101111100110001101101000100111000010001000110010100111000101110011010001011001111100011101100100011110111110101010101011000001111011111111000101110011011100111111111101011011010111000100001111001001000000100010001000011111010100100010010000100100000101100000100110101010010110010100100111011110001101011101100110110111110000100011011
10001100000100100110110010100010100010111111100111110100011000111110101111001110100001001011101111111111100110010101101101011000100110110001001111010000011111000110011101110110011111110001101010011000111101100010100101010111110100000001001111000010000000010001110110101111010001001111010100000010010011011010110010110000001011011100101011101000111010011110111011100101100100110100011010111101111111000010010101001000110000011100111100000110111110110111010001111001011101110101000011111101011101100010100100100110
00100101100101110000000101010111111111101100101010111101101110111010101100000110100010110011011100001111011101110001001000110101100000101010011000011111010101101000111100011111101010001100000100010101001101100011010111100100110001011111001100000011010101000111100111010010101100110110001010001010011101010000111101011101000010011100001011101011101010110001001110000000001011000001110110011001111000001111101110100100000110100011101001001000101001000111011001011001111100010100100011011111111001001110001000010110
01111110000111001000111010011011010000001110110011010001011100111100000000011100001010111011010101101100100100001101111001101100011101000011001010011010110111110101001100000110011111110010111101000000000010011110101001011101100101110101010100101001011111111100000100111100111101101000100001100100010011001100011110111011100010010101000001100110110011000111100010110101110001000111001111000010001011010111111000001010101101110111111111010111011110110001011110001100000000101101100001000001111110110010100001010010
11010101001010010101101011101100000101111110001100001101011011000011111010010001010010000101100000110001000110000101100110011110000100011101111000001100101001101000010001011100100001101110011010101011010011100001010011100111000100000100110101111110100100111000001010000101000000011000101010100011101101100111101100110100001011100011001101000011111101101101010001100111011111111011111111011001011110100110111101010010000101011111010111000111001111011101011100010100001001010010111000011001101010000110010010101111
10101000011110110101111100111010100000101101011011100010101011011001101011111111001101111000010100000111010100000001101110110010010100011001001101110101101110010011101011000010010111101100100111111101011110001110100010101110001100100001001001000001000100101110001010001101011010000101000100100110101010111111001011011010010100001011001111101000110110001010001001001111000001100110001011010111101001111011110110011011110110011110001011001011110000011011010111011001010001010101010101001000001011110110011000010000
01000001001101001010100100101110101000011010010100010010010111101010000011101101101010000110010110001101101101001011101010100010101101111000001110011001110011000101110001101101001110101000111011011011000001110100011011000100110011011000011110001001100110011100100110100010111110011100110000101110110011110010000111111100101101111000011101000011100000111001000110100000110000101010011100010010011111010100100100011010000101111010101110100011000100010101010011001100101101000110100111101011010010110111101101000111
00111101001000100000000011111000011010111011111111111111001000100011001000100000110100001111010101111100011111011011001000001000001110001001011011000100000001000100111011101101100001001011011100000010010110001000110000010110011111000110100010100101111010010101101100100000100100111100001000001000101011101100100000101101010010011101011010101110111101010000111100101011011001101111101101100110000000101110111111110110101101111110101101101111101100110010100010010100110001001001001111011001011001111100000111010111
01111011101101101011011000000101000011010000001110101110100110101100101100110000100000000000001101101110110001111010100001101110100011001011001101100000010000111000111000100001001011111111000111001011010001110011011001000101011000011001010010011100110100100101001010000011111101010110101011111101000011001100111110011110100110011000011101010000011001011100001010110010111101111101011011000101000010101001011101100101011110010111001101011101011001100010101110111011010110100011110100111110001000011111001000001000
01111101000101101000101101100001110111011110101100100010100000111001100110011111100010011101011111110110101110011101110011100000111000011110111100111101111110001101100011110100111001001110011111100101000001000000001101011101111100001010011101000000110110101011000010100111001111010111111110001111101110111001100100110001010010010110000100000000001010010011100101110100011100000010000000110010011110110000010100100101101110011001011001001111101110011101001100111110010011111100100000111000111001111101110110110001
10010001000011101010001110100110000110010100101010110111101000001111010000101001010000110001001111011111101111111111100111110101110010010011101000100000001010011010101110001000110010010011101010010010011000001101001101010001101001010011100010111010010100010010011101111100110111000011010100110101111010010111001011110010010100110010111100000011100100110010110111111011110101111000101001001011000111111010001000001001010011111000110111101101110111011111010001111100101000001011100111110001110011010100000010101110
10111101111001100100100011110001001010010110111000011101111010110011010111101110100011100111110101110100101011101011010100110100001010110111000001110100011101100011011101100001011100110111101100111101110000100001111011110010101001010011100110000011111111111101000010011101101101110011111111110011110111010111011011011101110001000100011010000110000110010011011101101010110111100111011111110001010010011110100110001011011010000100000100101110011101101111100110101000110100100111000110100111101110011001010000110011
00011011010001000011011110010011101110100011000001001001100110001001111011001101110111111111000111101101010111100110010010001010001001011000011110101010100001111110111110101000001000001001010011101000111100011010111101011001101111100110000110001001001010100011011111000010111100110110010001101100100001101100011100101011001110011010111010111001110010011000011011011101000000011011011111110010111010110001010000110110100011000110011101111101100111010011010111000111010100000001100010101001000110001011100011111011
01110101001000011000000111100001010100011110110001100001001011101111110110100010110001011101110011011010001100001101100010011001101100000100000111101101001001101010001100101110110001111011100011110101110110110000110110010010110011011100010110111000100000000010100010101001000101101010110000101010000101001001011011001010110111011111111001111011010001100110110101010101010110011101111001000011010110111100111111101111001010111101001000111110110001011101110001110111010100101011001111111011101110000000000000000100
00001110100110010000000110101011011111000011110011100111111001111011101011110101011110100100111011011101100110010000100000000011110011000011011111110011010000001011110001101001110100100000100101011000011000101111110000010111101110100110001110001010000000110101110000010001010111101111101001111010000011110100000001100110110111111000001101111110110110111111000100010011101110111001011001001000101000001100101110001100010111001000111110100001010111001101011111101110111110100010001000010001010100010101010100110001
01000000010010100101010101101011001010110011010001010001010111110100100111110000001000001100101110000111100001110101001100101000110001011011101110110000010101100111001111010010011011110010010100001101011010000011001000011011011000100101011100010110010100001011010000111000011011011001011001011111000010000011001101001110000001000000101111111000011011011100100101101000101100001111000110010001110010011010000101001101111010011000010011010100001011011111011010011000011001011010011100110100000110111010111101110000
00111111110110101101101100001000101010110010011011000000110000101100110110111001110100111000001011010001001111100011011010100100001010101010010110000011000100011010100100010000101110010000011101000100110110110111001000101010100010001010001110111101110110001011101100011000111000111000011011011100110110010110011111010010001101000111001110000101010010110110010111110111101010101011111110001101000110100011000011100101000100011101011011100100100011101011100111000100111101001100011111001011110010001110000001100000
01001011100001000110000010010011000111100011110011001010010000001110011010100110000010101101100000011110010011100000101010011110100110001001001000010100110101111011000001011110001001001000011000011111011111110110110001010001110000110010111110000000100000011110000011100011111001101110101111011011111001001101100111110100110100100111011110010011110001001101110011010110011001111100101100001001110100011100011011011001011100101100001100011011011011101000000100111010011001010010111010101100001011000000110100000110
00001000101010011111010101100111001111110100011001010010101011110001111101000010001100000001101100111100111110110010110111010001001111010011011001001111100010001100100010111011000001111100001001000011010110000011111101100101000100100101011100011011101100110110010001001010111100011110101011100100000011110011110011110000110000110001101110101011010110111100001100101110010100000100001000010100000101100101110010101111000100110110111001111101111100011000111010000000100111001101010001001010101011101010011101001110
10010000010100011001000101111111000000111111000001010110100110111010010000011000001110101101110001111001011011011010111101010101101010001011110100100101001100100000011001111010010011010010010100010101101111011111010001010010010010111111000101111101111000001011111111000000011110101110010010110010011110000001100100111000101011000110110001101110110010110100011110111011011100001111011111101101000110101100110010110111010011001100000110011001010110001010000001011000000010110011100110110111000010011111111111110001
00110100100110101000100000101100001100110111001101010000111100110010011101011000001110111110110010100010001011101001000110100110001110001100000001000001101100000100100101111110101001100110000110010111001111001001001010101000011000010010000001110001101011100111100100010111000100101011010000010000110001100110111001001011000000110000011010010111100000000010011101110010001000010000100011100001110010010111110001111110100100110010001101010100001100010110001111110001111111100110101100111010100010001000001011001100
01001111100100110010101101010010110100100000000101111000011010011010010101100111011001001100011101110100110110101101111001101100001010000001100111100001011100100011110100000111000000101101101001001011011111011000000010110101101010001111010001100010101111100111110011000001100001010111000110100111000010100110010001010100001011000111110010110100100010100111000111110111000011000000010011101000011111001001001011101010011010101111100000110001011010111101100100001010000010000011111101001110000110100111000111100011
11000011111010100011101100101010011000111101011110001111101110110000000100001101110101110110000101111100010100011100000111100010001110010011101000111001100001111011110011110000100000110111110111010000111001010001111111001000011010011101110000010011100110001001010110001110110111010010101110011011111000010001100101111001011011101100001110111100101110011010011111010110110011100110001011101111011100111110011001010011110100110111100001100001110000100011110110001100111011111001000110000010100100111110111001100110
00010000000001101110100011010000111001111011000111101010011010011001101001110001100011111110011101111001001001111011110101010100001110010100011100010111011100101101000101110100100100101000001000110111000110001000000011000001110101010110000010111100101001100000011101101101101000001000100101011000000001011111011010111010001000101011011001101010111110101111101101100001011001010100100101010101011001101010110100000111000000001111101110111010111110111010010001101100000100011110111101110110010110000100000111110001
01100101001001101110011000110011001001001110011100001100100101100100010000110011001011011010110111001011101000101011001101001111000001001100001100011101110011010000000001100010011001110011011110111011111110000010000110101010111000101100001101101101001110001011111001001000011011100011111000010111100001100010101110001111000001110011111001111100011111010001110001111001110000101000010110110000110010011010101110001110001100001010111010000010110110101001101100000001111011010111010101000110110011110001100011001000
11110101010110010101100110111010100101110100101011110000010001111101110100010100111000000001001000100011110111001100010101100010101100011110110011100100011111001010101110100101110110010101001010011010001001110111101100010101111000010100110110101100100011000111101101010001011110011101100010101010011101111101011001101101100001010001010010110101100001000100100000001000100110111000101000110100011001110010011100011100011100010100001110001011010111111111011000011110010011101011111000101110100111101111111110011111
11011000010101000100111110010011111010010011000111000000110000000001001010110000110010110110001000110000000111000110100101111010010010101110110000101111001100010010100001010010111111001111011010101011110001100110100010011011011111011000010101001010001000110011000110111110000111111101001110011001100011110010101110100001100111000101111110010110111000010101000000101100000000010001101111011011001111100011110100101010001111010111011100001011011000001010111000011011010110111011100110000011011100010111100000111101
10100100011000100100101100101010001010010000011111010000110000110100110110001100101110010011110001101110010000100010010001100111011011100000001100111100100001000000000000000011100001100110010010101100111111100100110100101110001100110000000101100011100110001100010111100110000011000100001110010011101100011100101000010110001100010101111100110101001010111111010110011001000011011000111111011110000001110100011110000100100000001111000110011011101000011010110111110101100111100001100100000101100001101111111011001001
11100111111000100100100010100011101011000011000011010011111000110101001011011001101100011010111000011110100001011011010110011010110100000011100111110100011100110010000111010000010111001000101011000101101011000100110010100000011010011010000100101000011011100000001111001001111001111000010001010110001101000010000010101000010000111000111011110111111100010001011000110001110101111101011100001101001010111010000111000011001011101110011000110111100111101111101011110000000100010110010100110101110101100010000110101111
00010110110011101001000000101001000001110011001010111001010111011000101000111101000110011000101001100011000001101101011000000010000111001101011001010111011010100010101000100100101111101101111010000011010010001010000110111000100100001111100100101001100111011000011100101000101000010001110010011000111100100011001111100110000001001011110001000101100011110101100000011110111100110110000101010100011100101110101011000010101010111001101010110010010010011000001011000101101011011011010111000110001011101111011011000010
00110000010101111011111100111001101111011000001100000110000100010110101101001110111000010010100010010110001111101111010110111101111010011001000001011100111010000001000001001000011100100101111000000110111101000110010001110100110111101011010100100110111000010001100010011101111010000100011110111000100111000010001101010000101000011110001100101011000010110110010010011011110110110010101001011011011010001100010010011100111101100011001010101100001100000101110101000110011000001111101110111111110101000001001110111110
01000011000110011001101011001101011100000001101011100100010100010000111111110101010110111100100011110100101000110100010000001000011000001100110100001101111000001000100000111001000001100110111000001001110110001011110010111011100111000011100111110111011011010111101010011101010100011101011111110101001111110100010101100010011011000110111000110111000100011111011111001111000011101110011000100100110011110010011001100000000000011001000100111001101111001001101001010111101110011101111111101100010110000010111000011000
01101010100111101110100000110010100010001100011011111110100101100110010011010001101001000000100100100111011100110001001010001111010011000010111000001101001011100110101101001010001110000010011001001011011100011111100101101110111101011010101010001101011111010100110110011010101111001010110001001000110001101000001001000000110001111111010101111011110000001111000111111100101100011100000000010001010000000011000111100101101111110011110111001000000110100110001001111110011100101011011011000000101011100000110010011111
10101000001101010010110010100011111111110111101000000100010010111000111110011110000010111011101110011111011100010000000000010011011010100010110010000001000100101111110110000100001101100100011000011111000110101000111010101000011000100010011111010000111011010111110110000101000110110100110101100001010101101111101101001011111100010011000111001000100111001011001000101001010100111010111110100111010001100001001001100110001010010001110011000001111101010000001100110010001001011010000010010011111010100101110011001000
01001111111011011110001110001101011010001111001101000000100001011100111110111000110110001011001000010010011010100110101001011110010011001010000000101001101011100011110101110110010100010100100100111110000000111011101001101100101101010001010010011001110110001001110001100001010001110101111001011000111010111110110100011001000101100000101101100110100100100010001011110110000010110100110101000100010001001000000000011111001100010011100011001000011101011111011010001111110110111100110101001001110110111010010101000010
11111100111110100000010000111000111000000110010011000100000011011001000001001111001100100110001101001010110101110111010101100011000101110110001010101001000100100101011110000111100001000110101011000001010111111010101110101001110010011110001001111101000011011011011100111100111011001100101100010010001110010100010000111001100000000001000001110011000111101101110111110000101101110000101001110110111010101000110000110000001101011101101011010010001111111111001000001010000001110101111100100000100001111100000111110101
01000010111001011011111100111010000111110100011010001000011101111010111101110001001011010000100101111111011001100111011100111111000110100010101001011100100001100010011111011011010101100010101101011001111111011000110011000100110011001110001111011110010110000000100100101000111011111001000011011011000010010001100010000100000001100110100000000000000101110111000001101101010110000110111001100001110010101100110111001101001010110110100111010001110010111011101011110100110000110101110001000101100011000000000010000100
00110001001101000010010000111001101110010010011011011111000100011001011111100100111101011101110001101110100001100000111000001000110011111001011011001011101110010011000001000000100001100110111101011100010000010100000101101001001001110001110001100010011110110011111110011111001101010111010100000100101000110010001010011100111000011010001100111000110000110100010010111111111100011001010111100101101001101001111101110010010110010011001010101100110000001101010101010110000010111101010100110001101010010001101011001110
01101010111001110100001000000000000111011010011111011010001111111010110110100001110011011101100001100000110011111001100000000011001000001011001010000101110010110111100011010000110010010011110001110110011100111111101111101111001001011100011100010001110011101000101111010100101111001011100100100000101111010011011000001011111100100111000011111001110101001101011010001101011100110111011000000100111101011000101001010011110101111000011111111101101101111111001101000101001111010111111101100110000110110001111111000110
10111011110000100101111000011111110110111100110101011010011010110101100101100110010100011100001111111111101010010111000011101000010010111110000100011111011100011001010110010011110100000100101000001001011111101100111101011000101001100101011101110000001001000110110100010111100001010000110110010000011011010010000011011100101011110111100101110010101010010101011010010100000010100001100001001111010100100110000101111111111001000101001011000101110101100110011001110011000101010011001011110100010011011111011000010110
10100100110110011000000100001001110011000100111011111001010010110010011110101101100100011101001111001100101010011100111011111011100101001101001011110010110011011110111110001001100100000011011110011111111110001110000111011101010001101000110100111100011101001110100111111010101101111001011110111111001000101010001001011010110111011011010111010001000010001101111100011011001110011010001100101111010100100001110110010001001111010011011101000010001100000100000110110111011011101010000011001111110111011111001101010011
00011000001110111110001110111011001101001100101011010001011101100111001111111011111110100101101110010011110010111011000111001010001101000010110101001101101101111001001001101111110101111000101111101111111110001100010110101100101100100110000010001101100110010101010001011011010001110100000001100000100010011101011100001110001000000010000001010111100101011100001011011011111111100010010000011011111010100011000001111000100101101101101101110011100010001101011001100101010010011011001001101111100100010110111110010110
01011001101100010110010010110111111111000100000100110110001000010000000010101001111000001011001100011000111111010001001110011111101111100001111111100001101110010010000100111011100011100001011111101110001001000010011110000010011101101100001111011011001110111100100110100011000001010111010100110010111011000111100010001110011000001101110101100111000110101000101000000110111111001100010101101101001001111110000001111111101111011011111110101010101111001010100001101101010101001100001111111101011001100010011000000011
01011000100100101111000100110001010001000011101110101010011101010110100001100111001011111111011100110010000011010100010001110101000111110011010100001000110100110010000110000100100000010101111000011000011001000101111101100111000101111111001010001011110111001111010101000000001000101010101100111100010010001010011001111011101101011000110010110010010001111110101101000101101101100101010000000000110010100101100011010010000001000100010011000101010010001100111101100101011101001100111100100101101010101010001100001111
00011100010001001010100011111101110100100000010110011111111000011001001000110111110001001100010010010100011100111110001110010110100100001111100110011000100111111111000111011011011100001011101110011100011010110101000001010110001000111000011111111000010100100111110100010010011110101111110100010010101111011011010101010000111011011000100100010110011110101110100101111010111001000111011110010111010001000100101110111001001011110111111011010111000000010101000110001000001111010101101000111010110001000000000100100000
00000100010110110110110100101101101111000011101111000010011011000001110001010011111000111100100101101110110010110100001101111010110011110110101001011110110011111101010011110010110010110100001110000111100100110000001100001001101100011110100110111100011010011111000001010000111001111001000100101111011101100110100110001001101000011011010101000010100101000101110010100100101001001000010111111010101011011111000110000000011110100011111000001110011111001010111100010100110101110011010000111000111000000111001100101101
10000000100100110101111100111010101101110011001000000111100101010001000101101011001000000101010111110110010001011011110011011101001010100101001101111101001110110111011011001010111000000111110111000010010100010000101001000101100000001101100110001100100111110010010100011000111000100111111001101111001101010100000010101001000110101110000101101001101011101111101001011100111000000001011001110110111110001001000110100111010111110110110110111000001000110110111010000100011001101000011011011111001000110011100011001110
10100110010100101111011000000011000010111111100001110101000111110101100000010011010101001101001010011110101110101110001011000110101101001010101011000101101000001111110011000000111110011111101001101101001000001101111111101101000101110001110010001001110011110110000110010000111101000111000111110101101111011010010010100001000101001011000110100111110100000111111111111011100001110100011000111000001100101011111111001110110000000001100100010111010111101111011110001011111001110010110010101111111101010110011111001001
11110111110100101011100111101010101100100000011010101100010111111011000001010010100000010010010101111000111011000101000011011110101101101000100111000001110001001110001100110011100111011011011011100100110101001001110011100010001001001000010101101101011101010011000101101011001110010011110101101011010101100011111100011111000100000001111011100100000011111101000101110101110101110110000110111011001011110111011011100010110000101101101001001010101001111000000010001001110111110111101100100010100111010011000011111010
11011100001111000110110100001010011110101011111001010101110101111100111010100011111001001101010010000101001010010001101110111100000101010001101001010001000011101000111010000000000011100011010001011111100111101001010010010011000110111100111100110000011000011000100000011110110010111011001101001110100001000011011001011111101101001011110001001111100101110101000101010111100011110100110011111101011011010100101111011111111001110111010010111110011011101111101000011100111111010101100110111011001011010111101101100011
00010011010110111011110001101111001110011011000010011000111110011110010101101100011000001011000111001011001110101101001001110001100001110000100101101011111010101111000111110111101011001111100010100100000111111001000001101111101110101110111110011010011011011010000101000010110110001001110100011011010000000010101101011000000011100110101110110101100101100110111101110011111100011111001110001100011111011101100000100010011110011011100000000011001010110110000101111111011101111010110000000000111110111001101111011001
01100100110001001010111101100000110111010111111101000100011100000010011111110110100001110001011011001010011001100000110100100000010011011001001010011011000001000101111110101000011111011011011011011100110011111000011101011111101111010110001001010001100000110111110011010110001001000110110101101101010010100111100010000100110011100010010001011010011001111011111110000011100010111110100001110001010001010011010000010000100001010100000010100110000100111000001101000101100010011011000000110101011101011100110101010001
00110110011010001100001011011000001110110010101000110011110001010011111110010010001101110011011010001010101110010011100111000010010011100110100100000111100000111111000011010110100110100101011101101000101000000111110100011000111100110011111100111000001101001110100010110101001101001000010101100110001000011110101000111010000011011100000011010111101110101100010101000000001101000011101010111100110101000100010010111000000101100001000100101100010100101001001101101011010100100010000000100000111101101110011100001101
10101000101101101111110110010111110101011110011000111111100101101110111001011010101011111111011010011000010001100010010001111001011001101100110010011110011110010000101101111011110001011111100100001010110110101111000111010000000011110001010010010001111110011000001000111100100001111001101101000111011100011000100000000010111000110001110000100101100111101110110101101101001111111111010101101100000100101010011110101111001100011011110111010101110001111110100101101111001101100100111001101010111101101010010011011110
00101001000110010111110001100010000101110000110011101000000100100100110000101001001000100111001110011111100001110000100011110010001111110010100101000110000101010110100011100011011011011001101110000000010110101010000011000011010100001111111000110100011011011001111111110110100011000100100000000010000010111011000111010001111001111011110110001001111111010110011011010110111001011010010100000010010001101111000101011011110010110100010000011101000010010110010111111011000000110000011001111001110101111010010011010100
01100010001100100110000101000000111011000000000111101000101111101010110100100111001101001111101011110101011111110000110010011111111001100101110011100010110110010000100111100100001110010001101111011001000111010011001111000011111010101110001000100010110100010100101010010011100001010010100010000000011001100110000110001010000010000101000001100001010010101101001101011110101000001000101100101000110101001011110110000000101011100000101000011110011010101010011011111011010011100101111010010111010001000011101001001011
10111101011100000110100001110001001001000010001110110110101111000001000001101000001101011001111000011010011101000111011010101000100101001010010111111111010011001101101110110000111100000100111110010011010110011101010011000110001010111011010010001110111101100101010100011110101110101110111111011011111011011001011011101100011011011010001110000100101101001001100111001101000100111011111010110110110110100001000000000110010001111010101011011000010100100010011110001101100011010111000011011110010110110000101100010100
11111101011000101111111111010000100001010100010101011000111111000110001011010001101011010001101100011101100010011000000011101110010011000000011010101010000100001010110010011100110111000001101101000001100100011011011100110101001101010010100101011100011110110000011000010001010010110011110010001110000101110011010001010000101011100001101011010100101010100110101110001111000110111010001100011100010011110111010000111111110011111110100111011110101011011101001011111011101110100100000100000111010101011110100011110100
