(7991, 301261)(264031, 301261)
(503913, 555889)(609041, 555889)
(444541, 745289)(606853, 745289)
(151983, 245197)(152523, 245197)
(106991, 145169)(86111, 145169)
(70159, 87173)(79243, 87173)
(26183, 539969)(580847, 539969)
(9623, 60653)(78347, 60653)
(73517, 133141)(123653, 133141)
(16583, 657721)(539147, 657721)
(311677, 458833)(341653, 458833)
(448205, 458933)(264989, 458933)
(90407, 107257)(98879, 107257)
(39289, 47077)(26057, 47077)
(242215, 384529)(340331, 384529)
(3887, 36089)(18323, 36089)
(54103, 400921)(504095, 400921)
(312853, 339973)(300977, 339973)
(13679, 135229)(122399, 135229)
(40837, 118721)(75841, 118721)
(28255, 38989)(37231, 38989)
(378185, 385061)(235541, 385061)
(506263, 964993)(1097799, 964993)
(99187, 213377)(271399, 213377)
(63633, 316969)(364561, 316969)
(20651, 583109)(763931, 583109)
(272029, 347153)(314689, 347153)
(21777, 124573)(95809, 124573)
(77891, 135437)(102431, 135437)
(20701, 269609)(312301, 269609)
(77345, 121981)(109673, 121981)
(115433, 418333)(497573, 418333)
(14983, 154577)(219847, 154577)
(96163, 181057)(253507, 181057)
(73945, 223121)(249805, 223121)
(228359, 330013)(492719, 330013)
(50933, 57229)(67397, 57229)
(18047, 97897)(96611, 97897)
(13595, 63109)(85403, 63109)
(70445, 256681)(306293, 256681)
(29, 243697)(301253, 243697)
(61891, 359921)(388771, 359921)
(129559, 177029)(210019, 177029)
(125107, 167929)(110479, 167929)
(36931, 92137)(113875, 92137)
(64357, 222721)(307417, 222721)
(103079, 406421)(488651, 406421)
(88223, 111589)(149987, 111589)
(115097, 837209)(686873, 837209)
(104407, 380537)(478579, 380537)
(27043, 180209)(204871, 180209)
(503609, 561433)(461261, 561433)
(104281, 118229)(74041, 118229)
(46919, 195361)(132667, 195361)
(400933, 426269)(312337, 426269)
(305161, 396793)(361789, 396793)
(31813, 268441)(375277, 268441)
(37291, 99949)(89863, 99949)
(109591, 218693)(217891, 218693)
(122981, 659293)(748261, 659293)
(55723, 90581)(90655, 90581)
(361409, 745289)(911177, 745289)
(230567, 306401)(235523, 306401)
(2335, 299837)(336967, 299837)
(596513, 603089)(439349, 603089)
(46519, 449377)(429259, 449377)
(249775, 555889)(444559, 555889)
(196731, 200521)(243479, 200521)
(293777, 392713)(363401, 392713)
(431857, 567629)(647905, 567629)
(1787, 37129)(37107, 37129)
(29915, 110197)(70963, 110197)
(36367, 121477)(61843, 121477)
(35525, 182881)(106889, 182881)
(33027, 234937)(341279, 234937)
(69011, 117961)(155263, 117961)
(73333, 118501)(146341, 118501)
(115099, 128633)(107527, 128633)
(91261, 99893)(142201, 99893)
(585107, 899777)(1050731, 899777)
(100749, 558361)(781325, 558361)
(193351, 291149)(433411, 291149)
(34487, 214369)(278603, 214369)
(162265, 564841)(642337, 564841)
(7867, 16637)(21223, 16637)
(40387, 181481)(162223, 181481)
(30937, 351721)(250189, 351721)
(554767, 716957)(441943, 716957)
(7829, 42037)(42929, 42037)
(63501, 318961)(284685, 318961)
(44893, 171121)(239257, 171121)
(83653, 153397)(209137, 153397)
(89543, 158549)(127967, 158549)
(356929, 528917)(270661, 528917)
(1303, 16129)(16339, 16129)
(62165, 129413)(117617, 129413)
(258671, 910729)(544271, 910729)
(264751, 720701)(903511, 720701)
(34399, 189809)(166531, 189809)
(244213, 415829)(320917, 415829)
