11110000010000100100010111111100101110010000111011011011101100011100100001001111100000111101011110100110101111111101011010100010011101110101111010011100001101111101111010100010000110100100100000010101110000001000011100011011011000101111000101100110011110101100010001010011010100100110100100010111110011111001100010000000000011110001010010011110111001110100110000110111101101101100011110101010010111000100100100110001110101011000010101010101111011001010111111111000000011110011110001001010001100101100100100100001
10010110000111100011010011100010100010100000000110010111100001111000111010110001101101100001101011111010001010110000110110011001010001001010110100001100101110001100101010000011010001110100101111101110001111010000100111001011100001100010001100110001000100010011110101011110011100001011000111001000010011111110000111100111011100000001011100010001100110100101110001111111110011100010000111100100000100110011100101100101001010011101010111000001100001110100001000110010010010101011100000010101000010011011011001100101
00001000001000110000010111110011001100011010110001110111111101111000010101001101101001100101011100111011100111100000000100000000010101110011010001101010100011110101110100011000100010011011011110100100011010001011110011111100100101100001110101000101011101000110001011111111111010010011000111010110001100101100011000111101011100111111000010010000000101010110100110011101001010100100001100101101111010010110011110110111001110001001000010011100101000000110100010111010010001011111100001101110010110011010101110111101
11101010101110101011100001111100101100100111000100001011100101010011011001000011000100100111010011000010101011101010011010101000011000010111001100010001000111100101100110110111101011001110010010100011000000011001000001011001011110100010111011011111111100100101011000010101110100101001110110111101001101100011101010000111100001101111010110011001100110000000100011011100111011100111011010100000101001000101001000001000100011011111111110100011111001000100000001011101101111010100111010101000110000100100010111111100
11011010000110110011101011101000111001001010110101010100001011000101100010000001101010000011011001100110000000011110001011110001100101100001111011001100111011101111010100010111001011100111011110010010101101011111000111111000111110110110011000100111011110010011101101000111011011011001100011101101010001101001111101111110101100011001111110000010000110111100110011101110000101010010110100111100101010101001111101110111010110000111000111111101111011111001110101011100011100111011100000100011010110110000101100100111
01110100000111111100000000011011110101011011101101000001111101110100001111001100100011010001000100100010000001110001001011111010001011010101001100101001101010000110111100111110111110010011011001000001110000001100000111111001111100111000011000100001001100010111010111110111001100100000011100010100000011001101111011010101111011110101110001100010101100100001110101010111001010001110011000111000111000100100110001011010010111011000010010110011111011111100001010110000100010100000100011101101011010100001111101011110
00100000101100101010000100010011010011101011010111000011011011011010110110100000110000110110011010011001110011101110010101000001100100010010001011100110101111110111111110010011000010010101111011110111000100000100101000011011000011011101111100010100100101010011000101100010100111110110101101100110000010010011001101111001100100111101000010110110100100110100110110110001000001001001000011100000101010011001000111000000110001100111011011100101110011110110011100000110100100010100100001110111000100011110011100110101
01011111101000110100110010010101011110000001011010101000001001101100001001100101110100000100001011111101011100011000010110110111111000100011011101110101101110100111000110110000000011110011010001101110110100000001101011001001101110110100111010110110111100001101111100011101111000111110010111000000000000000001100010000011111110000110110111111010100011001011101011101011011110110011001111010111001001011100011010110001100010011010011100011001111101111101100001010000101110010111000001000010100101110001011111001011
11101110110111001011110001001111100011101010010111000110001111110101111010010111011110110110001111000010110010001111001111001000100101010101111000001110010101111100011111111000010101001001110000110110101110101001100111110110001111111001000011100000110110100100010101011001010100100111101111011110100010010011000110001110010101111110010011011110000101000110010101000011001000001111011101000010100011000101001110001100100001101100100100000011101001000101111100011001000110011000111010111100011010101010010100000111
01111001010011111111000000110111001111111010001000000011001100100001100110001101100100111011110110101011110100110111011110000111011110000010000010000001011101101010111001000000000101100000000101010010011101001000010011010101001101011111011111100100001110101010001111110100111110010101111001110111001100100011101001111100101001000101010001001101100000010101001101010110011100110111101111110111001110001101000110000110011010001110110111000011101000110111111100111100101010110111101011010000001101110010110100000000
01110101111101000001001000001000011011001100011000000000010010001010111110101111000010111110110110101110110101110101101111101000100100000001010011100011001010101110100011011010110111111000011010000011010110001100001110110100110000101000100101000011001011100111111100001010011101011001100111110010010111101110010010001001110100000100110000001001010000111011110001100010011110011101110000111011010101110000110111000011011111001010011101000110111000110001001010100110010101011111101100000000001001001111011001001001
10010011010000010010011111011000010000101011111111111010011110100100000001111100111001101100100001011100011010111100111001010011100101011000100110011100110010011010101111010110100011001000000101010010111000100000011000001100000011101101000000110110000100101000011111111111111110011010111010000101100110101110110000011100100011010100000001111110111010000111101101100001100111110100001000110111101110011011100111100000000100011100111010000000111011110111010010100001101001001000010011111110100111111001010011100011
00100001001110000111101011000011001111010101100000000111010111000100101010001000001000100110110110001010001011010001010000010000001001000110011011110000001001101011011101111101011101011000011000111011011110011001111111111001101110100111010110010101110100001111011110101110110101011010110000111010111010111100001000100101000001011000010011101001001100111001001101100011001101011100001110001011101110101000000000111000000100101011001011010011001101000111011000101110000100111010110010110110011011010110011110100010
01010011010011000000111001100001101001100110011010001100101110100001010111110000010000000010100000100101101000111011100000010111111100111100111101110000011000100001111000001010111000101011001100110001010010001101011111100011100101011001111101101011111000010000101111100111110001010000111111110111001000101100100000101101010101111011010110110011010110110111111100011111010101010010010000011100000101101111100000000100001111100010011110010011101100000000101111100011001101001101011111010011101110000011000101010111
01100000010011100010010010001110100111011101110101000000000011101110000000101000100100111100011100010101001000010011010111101101010111010000010110101111011000110000100111100010010001011011111100001010011111001001010000001011100000101001000101110110010001010010001000001110101010000111010101100011101001001111001100000001010100001011101010111000010000110101010011111111011101111001010110010010110001001100000100111111010100111111110101110101001000110111010010100010101111001111011101011001000110010000011011101101
00100001010110111010111101011011100011111010011100101001000001001110111000100001111010001101000101000010101001110001111010001000001111111010011010101001000101110011110001100001101110001011111000110011010111111001100010101000000011000011011100111001011000110110110100110000100100100010001101101000011111111110100001101010110110100101100011010011101010001010011001111101100110100010010111011101010101001000111100011000000110111010101000111001111011001110100100011101101010010111001011000000000101111010000000011001
00001001110001100011111001101110011011111001001110100110010010100001111011000101010011001110000001101100010100001010001111110110001010011101001001001101000000011111110010111111000011101001101011110111001010101100110110110101011100110011001011000111010110011011100011001011011101111111000001001100011000101100011011011011000111011011101001100001110001000111000011101011101100000111110101010110111100111001001010000101000100011011001000100001011111001101111011101011010010010110110111101100010000110011011111100000
10100001101110000010011100001011000000001101100111011111111010010010101000011101100000011011111000111100010001110110110101101100011010001011111100100101011011101011010000100010010101101100001111011101100100011000101000011011110010011011110110111001000011110010010111010001111100110011111110111010001111010001101001011000100000000101110110011101010001000100010110011010001001001110101111100000001000011000111010100101010001101110110001001101101000011001010101100110001100110010100101001101000011110001100111000010
11101111011001001111010000001011110110111101000101111010101110010111010111101100001101001110000000110001010100011111011010100111100101111011010011011100110101110101101110101100110010101111011110110011000111101110010100010011100111100001111011101010100010111010111000111000001101111010110101101101000010001111001011011101011000101110010000001101111100111100000000110011100100000100100100000111000111010010010010101010110000011101111001011001000011101000011000000011011100111110010100100110010001010111011010111001
01111100100100100101100001001010010010100110010101111111010001011100110010100000101101101011101000110111001101111101000111110100111100000111101001100011001101011110101010101101001110000000001110111011001000010100000000101101101101111100000100000101101011000000110111011100100100111111011100010110100010000001100100000011100110100101011011011101001100100010011011010111110110001110011110000010110001000011111110111000010000111111101011000111110100000010000010100010111011011101110101111010001110011011001100011000
01001011000001000000110100010110101010101001101101110001000110111110100001100111110100100101110010111000011011111111101111111011101011100111111110001111011100000110111100000110011101111111111110000010000000011101110100000010001001101001101000100110101111110101110101001111001110111110010111100100111010000010000110000111010100010101101000110001110010111111000001100111100110101110000010000001111011000011010001100001111001101011100011001110110110001000111000011101001000100100001100110011100000010110010110111010
01100111100000010111000011011110010000111000100110101010111100110111011010100011001000001010001000111010100000110110011011011000100110010110101011100011100010011001001000111110000010100110110000111010000010011101110101010111011101100110011010001101011101011111110011001100000001100001001011001000010011111111000111001111001100001011110100010011101111100000001110100000111010111110010001110100011010010100111110000001001011001011011011111001011110011010111011011001100100010101010001110100001011101101011001011011
00101010001100001101011001101110011100101000001010111101011110000100010001111000111101110011000111111010010000110000100101100100100101100010010101010110111010011101111001001000011011100000100001110001101110000001110100111101011000010001001001000110011001110101000110000100010101010000101001111100001001101011111100010000011000010000010001001000101010001111100001000111000011110101001100111011001111101010010110011111101001011010101010110100100011000101100111000011100011100010111011001000100110110110101001110101
10110101011111100111111010011000010000001001101011001110011001110110100110111101110001001110011101000010001100110110001110101111100100000111011001010011100111100000101101101101110011101100000101010110101010011010000111110100000001011001110010101111001100110100110001011111101010100110000110001010110100001111000000001000110100011100011100000010111010001100001011100111001011110000101001100011110000010010100001110001010011110010011101110000110110100101110111101000111101010100000000101011011010111110100011000000
01001111001011001100101000011011011011011000101011001110001100000100111000101010010101010010110010110101111110110011111101000000010010001101011011001111010011000001110011000011101011101010111100110110001111010101110000111110110111110001000011101101011000111001001110110111110010111101011001011111011000111111000110100100110101110110001100110010001000000111100110001101010100111110010011000100111111000101111100111100101111100001100011110100010000001110010111101001011000111101110101101011110100010101101100110011
10000101001000100010100110100000111111000100000100101101011000010100010010011101011100010010000010000101111001001011010011101110011101100010101100110001111010101000000000101111101111100011110011101110001010000100000010011000111001111011011001010100011101101100000000000011011111001010001011100100111111010000000100111001111001000010001111110001111111100100110011100001101010110000111110000010010101110011110010011000001001010000100000000110100110010011000001110101001001010111001000001110001001110101100000000111
00111001010101010101100100000010000010101001000010110011101001001111011000001101111111111010101011001100111010101010011101101111001011100000000010011101011100111011001001001001111101011110011110001111110100111011001110110110100000100101001111110110001000010110100101011110111010100010111111011000101001101010000100110111100000111011101011110011011010011000100101111101110111001111100010100010010011101101011001010010000011000000110101010001110100010101110011001101000001001011111110001101100001100100011010011111
10000111100011000000101110010110001110001101001100111000101110110000100110010110001101100000111010110110101011001110001100000100101010001010101100000111011000100100010001110101111011011000010101001111011110001011011111111000111000011101111111100010101011011110001110111100110101010001100101110100100100001111111000001001010101111100011011100110010100000100101010101100001110101111011001100111011010111000111000000011010011010000000011010101101101110010001101111010011010111100101000101011110101001010111101111101
11100010100101010011101111101000111011101111010011111000000110101001111111010100010011110110110011111000010100111110011000000000111101110110011001111100010111010010000110110000110101101000100010100001000110000000110110100010110110101011010010001011101000110111001001000000011100101111000010010001101010000011010011000001011000011001111100101011110100010011100101011000010111000101100101010110011010111111101011111000110011101001100001110010000100100000110100111111011010110001010100011100100010010111100101111110
10010111011000101010001001001010101001000010111000101011001100010110011100111110001010001100100000111101111100111101011011111010101101011111100100000011110101100100001010111010110100101110000100111110000000110101101110010010001100101110010110000100110100010001001001010100001001010101101111100011011100101010100000011110100100101011111100100111101001101100111000101111011100000011010011101100111110010101010010110001010001101111101111110111010111010100000011111000111001101011011010110000111001110100011001101010
01110100100100011011101100101001100110111111010110010100000100101110001111010100001110110100111000010101100011110000110100010000110110101101101000100001001011011110010011100011101101110111001100001011101110001111100101110010101100001101010001111100111110111001000111001011010100010110101110001000000001000100111001101001000101100011100101100001100110101111000111110000110011010110010011111100101010001110100010100100011110001111111110000011110101110111100111001101001010101011110100110110100101111100001100100011
01011101000010011110011000101011011000101110111010110011100000000000001011001011001100000011000011000011001101111111111100101010100001001011001011111100000111001101101110010010110010110001001000100011100101110011010001001010001101110001010001011101101011010100011101011111001010100110011111010011010011101010001001100111101101000010011100100000001101010110001001110110100001111100011110010110000010111100110101111110001100100001110110011111001110001110110010110111010010001001101010000001111110011001011110010101
01011100101011111110101101011011101001011010110100101000000101010100000110010011000111011100011111010111101110001010000001000011011101111010011000110111001000101110111010011000000000001000101010000011111111101011011001000100101101111100110000111110011111110110001101101010101100101111011010011000101000100010110010010100101001110000101011011101111100001111101101100101100001000001010001001110001100011000000111110110100000011111000100011010101001010011000100110110110100001110001100011110111011001001000000000000
01010111011101011011000110111011001110001010011000001010110011100000011011111011001010111010011110000110010000010011010000111101111011000000111011110010000000000000111011010001001000001111100001000010000100100101101010010110010011110010000110100100100110011101110010110101000111001011010010010011111010010111111101010101010101110001001100111000010100111111110101110000010000011000111001011001011001101110111101110110111111010001000110001100101101000111100110000011101111001001100111100011000010010100000110001110
11001100010101000001110110101010101001110010010011101011101011010101000000111001011000001010011000011111110100110110001101101001111010100010010010011010000111001110101101100110100101101111001111000110011100111010111001010110100101001000000110010001110110000101101010000001000110000111111000101100101000111000111100110010010111110101110001000100001111100101101101101111100101000101110100101111100001001011110101111001101110010011010111010001111101110100000111011001100001101011111111110111001000101010100001110001
10100111111010100110000001010001101010100011000000110010011110101100010010100100110010010010011011110110100111111001100000101101111110000010111011111001110111110101011000110001001001011011010010001101101110100101011110101100011101100001001010110111011111101100100011100001111100011101010100011110100001100000001010001000011100110010100101000100000100101001101000100000011101101100111001101110010010100000100101111100101000010101001110010101010001011010100000100010100011001110111110100111011111011110110011001011
10101010110011011100010100010110100010001010010011101000101111111001010001101001110000011110110101001101000000101110000101000101011111011011000011101100001101000010000111011111010000110001010101100011111010010000000101111011001011111011001011011111100101010100001001010000001011100101011010011100100100011111100110000101000000111100001000100010101111010001000000110100010010111111010101000010111111010011001100100101010110101010011011111100101000111001001001100111010000111101100001001111000001101110100001100011
00011100101111010001010110001100011010111101101011100010101100011000000011000011110000001011001001101001110001111101110010001100011011111010000000011010001001011001001001111011101011001001111000111111011100101111101000111101000111100101001010010100011001010001001010001100100000001011010011101011001110100001000100101011000010000100010000110100111011100101000001110101010110011111100001101110111011001000100010100010010101011011001010111110011010001110111001101110000110000100110100011110100100010100100011000110
11001011001001000111001101010110001000111111110110011100000001101011110010011111001110101111001001100110010101011010100100111111100000100110011011101111000011110001011010111101000000101000001001110101001010010000000011110011111001111101011110111110011100011111000000100011011011010000010011101100001101101101101110100111010110110001110000100001111000010000001100011011100010011010000001110010010000111101110110111000110001110010110101100011101001110101001110001011000101011001110101111111010111001011000101001111
01101100000011101000100000110010001110010110010100111010101111111001011001011100011101111001110111110110011111101110100000101101010000100101100111110111111011111100010000100010000001111100100001100001110100101001001011101101000000111001111110000000011010101100101000000010011111110010100101111000000100101111011001001111101101110011011000111101010001100111010100000101101010111001011001110001010001110001001001000000000010100110111101101111000111100101010011110011001111100110010010100000111111001000011001111101
01100010101011001110011000100001011001101100001000110101001111000110001011000001111110000101000011111010111101010011111010111101001011011101011000100100000000001111100010011000000111001110110111110101010010110100100101111001110000010100100110100000110000010000111100010001001110000111101110111100011000011100101110110110110100110111100010000101100000111000001111110101000000100010101101110101011101010000010101110010111000110110001010001110001111101010110111110010110110111101011101111000111101001000100011000100
11010110111110011010011111100000101010110100110001001011110000101101010110011110000111010000110100000101011000011111101101001001011010010001001101100101111110010000011000100111111011010110000011011101000001100100111100011001000001100000010111011000101100011110111111000101111101000011101000001000100101010011100000000011010101000110001000101110110000111100101111001000001100001110000101100101100001000101001111100000101101011110100011111010110000100101000000000100011011000101010011110110111110000001000111100101
11010111110110010010100001000000101011111111001110101000101111000000101101111000000000111111011101110100001010010111011001100111001101101011001010010111010001110110100011001000000011101100110010010011111001010010111100101010111110100010010101011111011110000000101101100001110100010101100000110101101110010010010011010011110111001001001010101000100110110011111001111110110010010110001000010100010100011101111000000001100000101101101001101011000111100001001001101100100110101000111000111000001111111000001110101001
00111100111101010011011000011011000110110001000111110110100110101011101010011111011101100101000011111010101101000110011001101000101000001100010101010110101000110010101110110001111101010000011000001101010110100010010100110010011110000111011011110011111101111000100001010010011001110011001010101001100101000110100100001010001010011011000110000001101101010100011101111111100001001010110001111100000000111001010100101111000001011111100110001100100111011001110001101110001100001100101010111000001011001000011011001111
00100010100001111111101001100111011001001010011100111100000111000011010100010101101110110001000110000010101001110101000011111111000011111000001000010010110000000111010110010000111001010100010011100011100100110101100001001010001011110000011111010100100011110001100000111001101100101000010110100100100100001000110001101000000001101001110010011000001000000010110110100011111000001100010101101011001110010110101110001101000001011111011111110010100101011110111111100101101010101011111101110011011000101000000100000110
10010000110110000111110100101100000000100010111101011111010101001110111100001100001000000010101110011110101100000101100000101010111110111011000101011001011010101101110111000101001100001101001011010000111000001010111011011111010111001001101101101010101011010110110000001110011111101000001111110110101001010001011001000111101011100111101110111100011111111001000010111100001000011101010101001000000101100100011001101000111001000100001011100110000001010110011000000010101100111000100100001110011100110111110100110001
10101001111100010100110011110111111111000000000010101011001110101000011000000111011000001100000110010101110001001100000000000001110100011000011010000010100000101111111100101110000001000001101101000100111110101001100111010001010000001011010001111000010100100001101011000100001011101110001101000010110010101110011111001101110100010101011001100001001100111001010100111000000010100001010001010101111111110000001001011100011010000000110101001101101101111010011111000010101101011010001001000101110100001101111100111111
10001101000101011100100010101000001000010001101010011011100111100010101000101100100111010111000100000111100111100110010111001000111011001100000110001111010011011110101010011100001110100010000011010010110111111100011110110000010000100101100110000101110011100000101111011010001010111100101001101001100110111111001011001111100101111011011001101011110100010111101101100110110000110000100110100001010001000010110000101000111111110111001110111000100010001011010010011010000011010100000011011000000010000011001010100110
01000100001000100001011111000111000110010110111010011111011011100110111110001011011000010011010000001111101101000110000110001011010010011000010111110010011100110110001000110010101101110101100000111011011100110101000001100010000010011001111110100111101001100011100001111010001000100001110001100111010101011101110111000010000111000000100111110101110000100001010000100000110000111100010001001110000001010101100100011111101110011010110110011110111010011001111110010100000101001110101011000010100011010000100100110010
11000011001100010001100111111001011110010110011001100110000111100101100111111100100001001110111101000100010011111000001000100000010110011000110101001110010111110101111111111000100111101111100001011001111110111010011111000011101010010101010110100011000000000001100100001101010000101110001100100110001111100000001111001110110110000100001000011001111110110000010101101100001011110000100110000111000111000101100101111110000001111000000110111000010101011001111011110110100010001100100111111011100001110100110000001100
00011011100100111001100100111101010001000001111111001101100011010110110000101110101101010110101100111011011100101100101100011010001010011011000101110000100011111001100011100010001101110110111000011000010110101001011111010010011101011101110000010001100011001010011110100011101100111111111011011100001111011000011010110100100111110111010011110100000111010011000001000101011100010111001100010111100110001110000011001011001011011111011111101000101010111011110010000001011110001101010000100101111110101100110000011010
01000011110011100011001100111110000110010011001000110000001001010010000001111000001001010101100001001101010011010011111110001000011000010100000001100011101110010010001111111101001110011000101100110101110111101001010000111101000010001110001111100110100101001010101111110000101011111110110111010001100100111100010001001111001010110011111101100000010101100110110101110110000000010101111010001001011110010000101100001000110001100011010010010011111011111111011000100001101001010111111100101100101111010101010010010001
00010010010011111011001000101011000100111110110000000100011011111101000011001100010101111110110000101101101010110010100110100001010110000011000110001110010100001001000100010111010111100010011010010011000000110101010011111101001100110010111010001011100100010001101011100010000101101110011001001011001000111001110000001111010010001010011011101011110000100000011011010011011000101001111101101010000100001011111001100010100110101000100010111101100100111001100010111000001001100110001101011111111011111010111000100110
11101001101110110000110110010001100000111011010101000100001100100101010010001000110111010101001000101110111110100110010110000011100011110001010011011101000101111010101001010101000010111010100000011000001110111111100111111111100111100100001011010010001101100101011010100010000010010110101111111000000100101011110000101000001111100110011001000101100100101101010011101000001010101000001111010001001111101100011100001111101100010011100010110001110111100010101011001100000001000111111100101101101000100001010001111110
00001110010111011000001001000111010001011000011000001111101101111000011101101010110110010110000000111000110000011010110010000111001111000011100100101101111010000000011111000011001010111100011000011111001110011000001110110011100101100011111000111010001101111011001111001011100111100111010110110011000111100111000011110101110110011001100011100001001111000111000111001111011100010111000110101100001001001100111001001110101011000010110010100011110001110111001110101111111100000111100100000100111000011010111100100111
00110011101011010011111111010001100110001111001110000101111100110011101011000100011010101001110000111001100110101001010111100110110101111001110001110111011011111010001110111011110100100011111011100001001101110000101100011010001000100111111100100000111111001111110111110110111100101101110010011010100010111110000001011100010010001000000001010000101010111110100111110001111110010010111111011001010110011011111111000000011001101110111000101001100010101010110010010110010001010110101111010000000100100010101101000001
00010110101110110011010001100111010011001011001000101010101000010001000111111011001100000101100000001001101000101111011110101111101010110010110010110011010011000110011000010010100110110111101111111000001100100111000111111110001101101011010100000000011000100011101101011110000000011010011110110111111000000010010010101010000001100010101100011111100100011100110001101100101001011100101011110011110000010011001111001111010101011100100111010110110010101111100001000000110001111100010000010011011100000111110101010001
11010011100110001000110000100011010100011010011101110110101000001001111111000011001110000100111001110011000011010100001110011000100011101010000000101110001101111011011000000001110110100011000000100011010001111100110110111001100100100000011011000111110111001100001110101110010010010000100111101110111101110111100011000111110010011000000001000010101101011110001000110011100000011010010000010101110111010011011010001011101010100101000001011100010000111000111000010010101101100011011100000001010011001100000010000001
01100000011110110111011001010010011111011110000010011000100110100100111100111010011100010111110101100111111100000001101001101110000011100001100001011010000011011111101010111101011011111100111011011011100011001001100111000111110111111110101011101101100000010010101011000101000010010000001001001110100011100101000001100111001100110011000010101010101000010101000101011101101000100011100011010111011001000111111010100011011011001001111100000001010011001001111010011001001001111011101010000001111011111101100111111101
10000101100110011000111010101110001111101110001001011000110000111110111001000000001111010011110101010110001010110000011001001011111111000001111011111010001010001100011000001000101110101000100111001110000001110110110001000001001100001111001111110111011111110000010000100110000010101000011000101010101100100011101100110101111001010010010110011001001010110100111011010101011110111011010001000011001110000000000111110010000111010001110000010100010011010010111010100000110010110001101010111010110100001100110000010010
10001101100110101001010001110001000001101101101001110001111101111101101110001101111011000010011101111110000001100100100001100111001000101110010111111111001011110010001111101010011010011011100110100010111100000010100101001001100011000100000110011110101000000010001110101101000000110110100110001011101100101000111110010111000000110000101110011010100101110100011111111110110000001100101101001011011000110101110001011000110110001010001000100010111110111001110011101110111000111100100001101011111010000011111101011101
00000111110010001011101001110011111111010010110110111110000111111100000110001111110000100001011001010110110010010100000110001110010101100001010011001001011111101000101101001010100001100001000011100110001000111001111010000011001111000100010010000111101001101111011000110010001010111011010111011111011010100101110001101010111111011001101100001110010010101011111001111011010001111011011001000001110110010110111100011110000100101010111111110101101110001000011000111010100000110101100100011011101110010111101110000111
01111110111000101010100010000111110110101000100011100110101100001100100010001000010000101100011001000000000111111111000001111011011100001010000100001000010111000000011011101111110111011111101110000001011111001000010110010101111010101100111011101011001110100100001001001101010010000111001110101101001100001111100101010011000110111000000101011001010111011011100111000010101011101110010010011110001101010100001110001001000111100011110110010001100100101110101011111010110100011111100010010110100011101110100110110111
10101000110101000110111010011100000010000110011100010100001111001000000111011101101010000010011001100001000100101010001000010110001001110000111110111010010110101100100010000011100010001110010011001110110111010000001100100101110110100111101000111110001111011000110111011111100001111011000110110100000000001100111011001110010100101100000101000111011010011111001011100101000110001100101000001111001111000100111111100001100110101011101000101001001001011010111011101000000010000010100101110111101101001111011000100010
01111011100101000000111111101010011000100111001110110111011000100011001110111100101101010101000100000100001000001111010101011010011011100110110000110101001001000001011000001011000001010011010100111110111100100111110111111100001010000111000001110000100100000000101010011001011110011000111000100010000011011000110011000010101000011011101101000100001010111011011101111101001110011001000111101011000101111101111101001100100110110001100000100011101110011001111011111011010111011000111100101001111001001010011010000001
11000100100011011111010011111011011010010000000111011010110011000011001100110110110111011101000101110100110000000110011000101010001111100011110100111100000011001111110111101001011001011101011101100100011001101000111100000010101111010101000100100110110101100001101000011010001010111111001001100000001011101110001011111100111011010110100111111011000001011110000010110110011001101110100000011011000000011111100011000100011011011100000000100000100001010111000010010101011010110100110011110111101010101110100100011010
00000111011111010010010110000010010101100011011011001010011100111110011010000111100101000101011100100011111010000110101110010101000100011000101111001010101001011010010100101100010101110011111010101011101011100000100100001100111010011010100010001011000110011101001110010100110100100011101111010010111010010100110100000101011110010111110111001000001011010011001001000011100101001000100010110011010110110011100010101010000110101101011101001101101000000100110100000101000000010000110110111110000111001100101001110110
01110000011000111110001111010100110100010011101001010111000000000010100001000000101010111101000000111100011001110100000000011001000111011010010100100111111110111011001011001000101110100010110010011100100101110100110001100111100011001110000111000011111001100101110100100111001101010010100011010110000100111001111100010000101100101001000010011111011010101000101110000101011111101000111011111001000001011101110001111111000110001000100110000011000001100001011010100100010110000001011110110001100000001011110110111011
11110101100011011111000000010101000110110001111001101011011101101000111100100100110010001110101010100111000110001011111101110001001110100100010010101110110011111110111101111010001110000010110011101111110100100001101100110000100101010111010100010111011010101100000101111011000001010001110000000100010011001111110000100000101001001010011100001110101110001111101001000100111011001001011110010011111011010110110101001101100011110111001011001001010010000100000100011010110011000011000100001101111100110000001110100110
01011000001110111000100101001111111000101000001110101110000001111110000101011001100011100110110100111100110101110101010100100110011011111000100111110110110001000000011100111010001010100010001010011011100101111100111100010101100101000101111101011110101100110010000111100000110011011001110011101110100011001010011111001101111001110111010100010001111110001000010001010100000010101110000011101101011001011110101101000000110101100111011010100100001010100000110101110100100001010100110110001001010000000011111110111011
11001101001110001011000110001010101100010110010110101011101100101011001110101011010111101100101111011010101011100011100111111111010001110100010001001001010000001011001011101000110001100000001100101101111110011000001000100000000101001011111010010110001111010010001001010101101110110000000100110110110010000001010100110010001110111111110011101101010000000001000011101101000001110110000100001101111001111010011010110010100101100100000011001111100111111101001111110101011000011011111110100100000001111000000110000100
00011101000011011001111100010010000101011111100111001100110111000000111000011011001001110111111111110101001010101011000101110010000011010000110101101110010111111100101111011010000110100000011111001111110001010000101010001010110101011010010010110110110010100000010000010001000011111011000001010111010011010011111110110000001100111110011111011010111000111011100110000010101110101111101001101010100010001101001011001101000111001011011001110101100111001000100101000010010111101011110010011011101100011010010011100000
00001010101010011101000101111111010101100011001110011001011010101011010000010000110010011100111100010100111001101010100111100010000111110111001010001101100001110111010101100011010111001101100110011100101101011101011111001010010110001010111001100011100010100011100001101010101101000001000010001111010111001000010011001100110111100011111010000000001100011100110010110110101110001110100110100011001100011100000111001110111011010010100101111101000110000001111110100011011100011111101011000000111110010001110101011010
10111100010000101010101110011110100101110111111100101111001001100010001001110011110100001000011000111011111010111011001001010111101000001111000111110010110101111101011010000011010011101110110110011011011111001101010111101100010001010110111001000101111101000001001100010111011011010001100000110101110110111101001001010111010011101111001000010100111111111110000001001101100001011000110011001100000110010011100111111000000100011010000101011011100100000011100001110011000000000011110111011110000110011110101011010010
10110101111010010001001000010111111111110110010001011100001011110000110110011000101100010101011011011010100000101110111110111001111011001111001110001111111000010101000101101101011111100100010111111111000000001001000010000101001000010110010110110000111011101100000011011100110010100111110000011101001010100111001010011111000101100111010111110001000001111001100111000010011101000101000111100111010010110111011011100000000000010100100110111011111110100000010001011010110000101101010001100011110111111000010110101010
11010000111110111100101100101111101101010011001101011000111011010100110011100011011001010010010111010110011111001111001001110000010111101110110011000001100000101110100010001110110000101110100100000101010110111011000001010011000000010001100110111001101100011101111000111011010110101111011110010100111101101011001000111100100011010010111001001010011111000111110011110000101001110111111011011100000011000001001010000010010000101010100101010000101010000011101100110000110010101001000011000100011001010001100100000010
01101111001011000111100001011100111011101101000001001010001110110100110011101101100000100010111000010000100110001001010011100000101111110110100110110000010000101101001110010111011100011101110011101011000101110011011110111100101111001011110001010100111101110110100000111000110110111011000011011010111100010001010001010000110110111010010010011101010101010111000011101001110011100100101000010111011110101101001101011011011000001011011010000101101010010110111100100001001011010000011001100000001001001011011000110100
01101101110101000100000001111011011010001001010101010101101101001100110000010000010110101111011010110110111001110101000000001100111100001100111010011101011111110001101000011010010100100101010000101111010101001110111001011001010011001010111111011100010010100010010101011000101010011000000000111000010100100000110111111011111111010110110101111101100100101010010111111010111111000010000000101011110111110111001101001000001111101110000001111111110010111000100001101100001111111000101000000000100100000001111011111101
01000100111001110001110011100011000101001011011000001000101100100001111100111111100100111100100110010010010100011111100001111100101100110001111000000001110111110001110010011100011010101100001100001101110110111011010100011010001010100011000001101011010001101000010001100100110010100100011101000001111010111001100011011000111101000000110110111010110001110000110001110110111110001000111100000011111110111110111101111101010100100011010011111101011111101001000101111100110100010100110110101011011101111001000000000010
10110110001101100000110100001101111111011100010011111010000111101011011100101101110101101000001100110100110101010101001001000100101110100000100001100110100010010010111000111110101011001000011011011000101000000110101011100010110011110010111001001101010111010111001101111011010001100011011001011001110111011001010000110101101111000001110011001100110110101110001101011010011100011101000111001010011001101111000101010101001010000010011110101011111000111011110011111100100011001000101100110100010001011001111010101101
11111101110101000001000100011111100011110111111100101101100011001101010001101101011011101100011101110111001110000101011110010001010000101011001010001000001011001101000111010000011000011000001100011000110010011100101100111111011101100101011000000101100111100011010101010000011000011001101100111111110101001101100001011111111010100111011011001000000011000000110110110000111011000111110010011011110001001111101000101010000111110111110110101001110001001111000001000111110101010111010101001111011001001011000101011110
01111001011110111000010010100000000110100010111101110101010011010111110100000011011001101101000100001110100110000010100001110110110000110111001001001000110010100001001001000100001100010011101100000000101011100010001001011010100001111000010111010101100111101010001001101101000110110010001110101100100101100001110111010101111011010110011111110110110000011011000110111100011001110101110111001101110111011010110111000101010000100110011001110110101110001111001010010000011000000110111000111100010101111010110011110010
00001010111001001111100100101000100010001110111011110110000111011111010000111100010001111110001111001000111001001101000100101111100001001101010001001011101000001101000010000010011001011000001010101100111001011110010110011111010111101011100101001100110001011001111010011111110011110110010101110111100001101110110101010010011111000101001110110011100010000100111100100111100000011100100001110101011110100110011001111101100010100001001100111001100110110100100000101110000111100101100101000110011110101001100100111110
11011001100001001111101111010001100100010001000000100110101011000001110010001010111010100000101000000110111001100110011110101110011011011001010010010010010010111101100000110111100010110000111110001011100111101111111111001011011010010000001010011100110010101101001001110100101000100100110011001110010111001101110110000111011111000111101000100111001111000101011110111111100011101011111100110100011000111011000100110101011111001100001110000001010111111110101001011000000101011101000000011111101010110101010111011001
00001010101011001101001111110100010111111011010001011100110000101001001001011101001110001100001100101011110000010111000011111000110100010100001100000011111010101011111111000101011110010111100001111101101111100110011111110100010100110110111001101111000011001010001111001000101011011101011100101110011010011100101011110001100100011110100101111110111110100111111001110111110001111111011111101111100111110111000000101100001100111010010101010101011111001110110111000010010101110110001111010100110110010010001111011111
00010010000101001001000001000001100010111110010011011011011000010010000100010110011011100111100010100010101000111101000110111000111001001001111100101101101001010100011000001101001111010100101010000001111101001101010110110010010101111101000000100100011101001101010011100101101011011111100001111110000010111001011100011100011110011111100110011110001010010100100110000110010010111001111000100110100100011110110110010111111001111010110000100010100101110000011110110010111101000011110001101010111101000001000100001001
10110100010011111101000010100110001111110110011100110110001001100010001001100110010011010000110100111101001001110101011100001101000010010001101011101100101010011111101011101100011100000001011110011000011110011100010010011111011111011111101011010010000000101100100111100010111110011111100111010111101011100001000111001001100010110101100111101110001100010011101100101000101010011101000101010010100001000000010110001011100011100111000111000000101000100011001101000010111010011111110100101100101111101110011000111011
11010101010000010001111101000011101011011000111101001000000100100111001000011101101110110101011110011110101010001001100000001011111011111100110001111010100110001110010011001000001101110011010100100000000010010011000011001111101100110110100100000111011101011110110001000101000100000111011000101111001100011101101000000111101001101111011111011010001111010010001111101111000100010100100111010100010001100100100010000001111101111101110101000011101100100100010100100101101010011111110111001010000000010111101001011010
10100011101001010100110100101110000001100010101110110100000100100011000111110101001101010110100010010001111110011001010001010100111100100111101110100001111101001011000010010111011111101110000100010101100110111011000111101011011010110100101000100010001011001000001000101000101111110100100101100010100100101101010010101000101001100000101000011101111011001101101010000100000101110111000001110111000010111110001010101011000010000100001110111001010111000000001110101001011111010110000000100010100010101110010000100111
10110101100000011100010111110010011001010110101101011011011000011110101110010110101100001100001110110010011110111000011001111100110100011000001001100111001011100101010111011100101100110101001100000101101000011000010011101001011100110110110001110101000100010000101110010101010110010010001110000111100110111010000001110110110101001001101010010010111110000000111001000000000010111111100000011010000011110101110011101111010011001011001000111010101011101001101110111110010111001110000001011100010111011010101011000011
11011110100001101110111110111000110001011010000100101100011000101000111000101001010010010001000111000100011010010100001001001111100110010101101010100100000111101110011101001000000000011010010101011111110110011000011101000001000001100000111001011001010001100000010000101000011111100111101101000010001100001101110100010010101011010111010100010110111011010000100111100011010111001001100110010101001101110000010001111001111011010000000101010100001111100101000001001110001101111010001000100000111000110001110011111101
10011110111000111011000001110010001010010100011111010010001100110010110110111110001100000011101101011000011000010111110100110100011000000010111100101101110101110110001101110100011000101101110110000010111010110001000011110001010101011110110100101110011010010111101000000011011111001110010011011011101010001100101101010011010110111110111100110001011001100000010001100111001001011111110010110010111010110011011111110010010101111111110000011010011000010110110101001011000101001000011100100011110000101111111111010001
00010010100001101000010101101000110001001000100000011110001001000001100101100001111001000100101000111010010001011101110111011000010011100011001010011100001011011111101010001100101100010101010110111000110101010110100100111001010011100111111000100110100101100011111100000001000011100101111100001110000011110011101011110011110001011011011100111010011010100110011100100101001110101000100011000011001001111100000011011000001011111010001011000101101011000110101111100011001010001011011101101101000011101110011010010101
11111000111010000111101101000000000001001101100010011101011101100110101110111001010110000111001010100001011101000100100001110111011101101101100001111001011011100001100001101000000010111110101101001100111101110100101001111101100101100000010000110000010101011000111111000000000111101100100100011000010000010101100101000101000000011100100000101101010110100101100000010101100011000100010001101001011110100011010000101010100110111011100110101000110111000111000101111110010010000000111001101011011110011111011110011000
00100110011101010111000111101001100001100010000010100101001010100001101101001100111001111110101110101010111010101100110011111000010011110011111110110111101100001001000010111001000110101010101110101001011011011001010010101010110100111010001111000010011101111010010010100110001110101000001011110011101001011000110000111110110101010111001100111100100011010000000010110010110001111110000001110000000101010010101101000100111110011100000111101110010010010001110000101111100101111100110101101110101101101010110110001110
01101001100111011111010001000100011000011110101111100010110011101000101001111001111100101110110100100111010100100001111111011110010101101010000100010000000001111100011011100111001100000000001001010110011111000010000010011111101111001010110001001010100000000000001101110011011101010110101000111010001101111111100100011110111000000001000001100111011001000110110101110011010011011110111001010111010101100000000000011110111000101001101100111111001110101000110110101111000000101101110011111100101111011101001011001001
00111000010000110111111010001010101110110111101000100111111001010111000101010001100011110000011100000101001110010000010010000111000101001001111110110100001000111010110111111010101110001100100100101010101001000000001101101001110000011001101001101001111000100110010000000111010011010101110100100001010100011011100111100001001110110111100101001101011110000011010011011100111111111100100101100101001100100010100110101111101111010011101001101100011001011011000000010110111110111100001000011010111111101110001110110100
00111000010110010001110011101100111100111110010001011111010011111111001100001101110110011000111011111100011010111111101101011101111110111001100011110011001011000001100010011111111011000001001100001001001110011000001101001000100110111010100110010011110001001110000000010111100111011001111110100101110000110111001101001100100000110010000010100110100011100110000011111111011111010111000100011100010000111011000111100010001001101110001100100100100010001100111001000110011111011000110101110000111111110111000100010100
00111111111010000111000000011111111110011110011110011110101000111101011000000111011110100010011101101101100000100000101011011001000001110101101101111101001000011011001010101111001101100010100001110110100101010011001010011111111011001111001010111111000110110010001010100100110111001101101000011011000111001000010001110111100100111111111011111111110100001001000100110111101110111000011110100110100100010100111000010011011101111101101011000101111000111010110110001000110110001011011100101011111111000111011110110010
01011100100000001000001011100000010100100011111110100110000000001011010011100011011110101010000011010101110100000101101101101111011110100000111100010111010000011000011010110111010000000000010110101111100100100011111000011111101100011011010011000001001001001011001000100000011110100100011110011011110011001100001011111000100010000110011011011000110100011101001011010001101111001001000000111110111001101100001011011110101101100001001110010010100011110001100011111010001100111110001011110110111101110011111000100010
