00000010011111010010101010101000000111110110011000110111001111111110001000100111111000001010101000001101101000011100110010001010101101100010000001001101010111110100010110100101110110001100100100000110100101100001110111010011010000111010010101010011001111100110100011001100100101011101010010111110011010101111101001010100001101001010000101010001000001111000001101111100011100000101110010110110111100111111100100000000100100110100010100110111011100100001000101001000111110001110011010010001110011011110111011110011
01101111001000111110100000100110011000001010111001110000110110110101101110011001100110110011101111000100101010111101011001100011010101000001100000001110111101110000001011101011000100010010100111010110010101011000110011011100010101111100100111101000101100011000100011100010110011101110011100100100010010000111010111010100110010000000011010110101010110111111011100101001110111110000011000001101001111110100011101111100011100101111110000010111111010110010011001001100011111000000010011000001001110101001111100001100
00010101111100100101110100001100101111101100101001000011000111110011101000101010000011101101001010011000001001010010000001101001111010011101111100011101101010111111111100111101100010111101010000101011001001110110010010111011100011010101100110111011101101100001110001010000001011000010010010111011011001010011000101111111111001110111111011110011011111001000110100101000101001100100001100000111001000011101011100100001100100101100010100001101000110110010110011000011100010001110001010101001001101101000011100000011
01101001010000110001101101101111011110001000010000110110010010111111100010110011100010100010100110001101101100011011101101011011100000000101101001010101110010101000010100110111001010000010100111011111011111001000011000011110100110001111110101001110000011010110001001000110110111111101111001111001111110001011101011110000100101101000001110010010101110100000110001011011000110001011110010110110101101111110000100101100000101101110101011101111111101000100001110111000101011100101000010010101011000001000110000011001
00101000111010011000011101010011101010111100000000001011011010101011011101100110101101101111101010101001010000010001000010000101101010110111000001111101001101110000011000000011111110001110001011000110001100000101111100111011010000101110111101100111101001101111100110111110110111111111011010010000100010111100101011101000110010000101101100011000011010001110001010111010011010001111011010010011100110110000111011000111010110101011100100100000101011111111100000101101011001000010000111000000100001001000111100110100
01100101101100010110110110100000001001111001100101110111111100010011001111100101101010001010100101000010011101011000100010000111111101100101101100000011011001111000010011011001010000101011111000100111101110101100011001000001010000011001101001100011111100010001010001010011011011000101111111010011101001011011100100100100011010101000111111011010110100011010010101001101000101111011000111110111001010000001101011001010001010111000100110111011100111000001110011101100001010111011110010110000011110001101001000010111
10100110100110000010110101110100010101000110000001100000010100101000110101101101000111001101111000010111101100011010100011010011110011111101110011101110111110111010011001011000101101101111011111000001110101111010001110010100000010101000001111101001111100111000110010001111101001101011100000110011101100110100000100100100111111011100100000101011100110100011001111100010000001011110111111110100000000110101011111011101010100010101010001101101000001110000010001011100001000110110101011101101011000110110001100010100
10001011011010010001100100000011100101111001010001011110011101101010001011101100101011100001111100100001000101011110110011100110110010011100000110101011100100111101001011101110111110100010110011001100001010010111001101100100110000100100000110111101100000011111101110111000111110111000101011000010101001000101101010101011110100010001001100100101011011011100111001100010001001111111011010111110111011000001110011110101001101011101011100000001111010111101010101100101001010000111100100011011000110000000101100001100
01111011000010010100011010111011010010111100000001110000011011111010111001101101110110011010100101000011011100111101101001100111101101000011100010011100111011110010110010110010010000101111100110101000001111000010110100101110001011110011000010011001011001010001110011101101011100000101001011110010011001111101000100000101111101101100011101100100111110101000001011010010101010101000101111001001001110110000000101111111110101000001100110100110110000001000101100111110000001001101010010110110011001101110110010011101
00111110100011010100110010000011011101110001011001001001111001010111101111000111000010100001011001000010011001010000111001010011010000110101101101101001011011010010101110101100110110110101100111100011011011111110001110011100010111110011110011100000011001110100101001100111010000110011011010101100101010101000111100100001100101111111111001100101100110101011011100001000011011000100100010101011010110001001110011100111111011110101000001010000011011000100000101011100010010110001100010101110100010111001110100011111
01110110000101011111111011011011111010010100001010110110011101010101001000011001010111000110010101011110000111011001101100111011010100100001110010101111010011010111100011111010110001101100000100011010010100001111110111111110010101101001001001110111110110010110010011000110111110001011000100101011011001101011001001000111011011011000010110100101011001100111100000001000010111110001011011101001110110111000000001001110101011111100100100110001111101010101011101001000010001110101010000101100110100101101011101011101
01010011110010010000100111000010100100110101111111011110110001100111010000011100101100110001001000011001110101010000010101111111100101011000100010110101111010011101100100100100101110111000010101011010110001111001000011100010111111010000011101000000000000101010101001101100111000000000110010001100010011111100110000010100011110111101110010110001100100110000010101110011101011010101001010110100001101111010000101100100100010100100010010000000000101011110011011101001010111100011011001111011111010111101100011110111
10100111101100100000111001101111111011101110110000100101111100001000011111001100100010110011011010011001000100110110101011001000000001110110101010011111110111111110111000101111000000111100101111100000000001101100001001101011001110100100000101000010010010001011111000100101000100000100010101111100000101100011010101010101010101110000101000101000000000000100001110001100110000010101110100110000100011000101011111100101111011100010101001101110010101001000001110010110100110001001000000001000110100111011011101110010
10001110010010010101011111110011001010011011101000110101110000111010010001111001001100000100100100110100110111001001110011011101001010100011011011110001111110001110101101111010110101010100101000111111001110001111100111110100011101100010001000110000110100011100110110100000001000110101010011010000101110010000010001101011101100100110000111011110101110111010001110111110100010010010101101011100101010000110111110010111100100101001000000000010000100110101110000111111110100001011000011000011101011000011101101110111
01000111110010011111111011010011000001110100110100000111101011110111001101000010111001100100110011100100010101011111000110100001000011100110010001111011111011011100010001000010001001110010011110010000111000010101100010111111011100100011110011111000110010101010011010110000100000010100110000011101011111111000101100001011111101001011011010011010111100110011001111001010000101100001001010010010101010011111000001110011011010101111010011100001101110100000011100101001011011101111111011011010111110011001011100000010
10011001011001111010100111110111100010100111011001010000101010101111111010101001011101111000100101001011110111010100111001110100101001110011011110100111000010100101000000110110111101110110101101001010001100000010100101001001101110001111010111100111111101001000000111011001111001111001101111001110011000100010101110001001110011010111001101010000010000001001001110011101101100000010000010001010101000111111000000011010010011001100000111011011111000011101111110111101000111100101101111001110111110110100001010100001
10001111111111111100100000011001110001100010111001110011110101110100011000111001101100010100010000101000010101011111110110010000000111111001011110101101100001111100001101011011110110111000101000111000001111001101100000000111011101101110111111001111111010101100100111011000001001001100111001101010011010111111111100110011010000100011011101001010011011001000010010101011100011110100010110110100101010110000011101011111110000011000011100000100101001111110111000001100000001110111010101101011100001010011101011101000
10101011001100001010010010000000111110010100010000010010111101010111001100011110100001000010111001100100110001111101000110001110010100011001001010110111101000100010000011100110111101111000111010110000100111010110011001000011010010111110000011000101001110011010101100101000110000100101101010011110001100101110010101001010101100110000110100000110001001011111101000110000111001111111010110010001011010111100000000001010010001111001101011010111101101000101001111011010000100011101010101010111101111100001001101000100
00101001110111111001010100000110100110011011100011111010100110011001111000011010100010000000001111011110000100111000010010001000100110000110001101111011001011101000100001010000010000111001111010001010100110000100111101010010001110000000101000011011101101111010011000110001001110100110100000110101110010111110110101110110101111110111111000110010000001011001011111110111110111000011101011100101011001000110000001001110000001110101001101100110111001101011000101101100011111010100101001110001000010110110101110010101
01010010000110011110010001000111000001100101011010101101100101100011000010010001110101011010001011110000010111110010111101010101110100010001110111010010100011100010101010000011010001100100010110000111000000110110001110101101100010011010100001011001001110010111100110101101101000011011100111011011010011100111010111101011110110101001011111001101010100101110010111111111010101100010010000111110110010100001110000011001001110000100011111101111110010100101100010110010011100110101100100010110010010010100101110000100
10010110110100111011000010110111011011001101000110101010011100001010001010101101010100111100000001110001111000010010001110010011011001100010011000010000000111100110111010111110111101111010011010100001110010010010010010101110001110100011100111100010110111000000000000011110101001011011011010001111110100001111111000111110000011001111001110101011110111110110000000100011010000110001110000000011101110000000000001101100000101111011001111101010011110110110011000011110001010100001011010010101101100010011101011101111
01000101001010000000111110110010010010001100101101101100001001001000011101110010000001001110101000011001001000101110111101100100011011001100000100101010101000011010111011001011010101110100101001011000101000101010001100101000100010111100100110001000001110011011101010010011100101111101101110000001111001000000001101100011100110110011010001001011110001000101001101001011101101000101100101110001101110010101110100111111000001111111011100001001001101100111011101011110110010111100111110000010010110011010111100011100
00000001111000010010001110001000111010101011010010110010111111011000111010001001111111010010100111011100101101001000100011010100110001110010010110101000000011110110101110110100111111101101001111001111010000100110101101111101100011110101000110101101011111101110010010111000000000101111100011101110101110101001101001111010111000101101100001010110100100101110100001000110000110110011011011110110111001010000101111000000110010101111111100001101010001110000011011011011111011000100100001010100101000010001101001010111
00111101000100000011111110110111110010110111110100011000101001010101000010110110101011010101000100110000100111001001110101100010000100001010000011110111000000111110101001110011001011100010001110101000100001110101010010001011111001011111000000001010011011101011111101101101101010110010100100000100000011110101101110110101011010011110000010101001111111011000100100010010010100001110010010110010010000111010101001000111101111111110010100000001000100100000011100101010100001011110111110100010011110111001111001001010
00110100001101101011111011100000111101100011001001110100011011000111000111101001001010010111110100011011011101011000111100110110001000101010101011100111111011010110101101110010000100011110100111000011010011000010011111101010000101110011111111111010001111110110010101011001101001000100111011000101010100001100111010110110000001111100101111010111111101100110010000101101101100010011110011001111111100101110111111110000011001000000011111110110101100101110010011111110001110101000001011100000011010100011001101100101
10111001010111100001111010010001010110001001101001101000001011010011100000100101011100010111011000111000111100110001111111010011101010110000110001000111110011001000001011000100100000011001101111110010101000001110011101101011100000001001111001110011010000000010111010101001010001110101100010001000101011001110000111000111100010000010000100101000001001001100011000000010011110000110000011001000110110000101100110100101010101100100010100011100111111101011001000010110010010011011101010000110010111011100100110110001
10110101011100110001000110111011111111110010000101100111001011001011101000101111000110110010100011101101100011010110001001111011101111001010101111000000010110100100000011101100101100011111100111111000111011010100110000011001000011110001001110110110000010000010101111100110110100111001100000110111110110110101111010001011011110101001110000010110111000111110101010000110001111011111101101000011000011110111001100110111001111010110001101011110100000111111000000000000100101101000000100101001010000101010101101011010
11000010111000000010110101011011011010001110011000010110010101100100101111101001111011101001111001000011011111101100101111111111111101010001011110100001111000110111001010110111100110110111011101011001101111000110000101100101011110011000111100001010000010100111010000011101100101001001100101001001110110110100100110011111000010001010001010110110011011100000001101101001101010010101111000001001000000111011011010111001110100010101001011100111000110100010110000001011111010001110101001001101111100111111010010001001
10001000100011000110110010100111110010010100111001000111100011000100111011010101110111111100011001001101010001111111001001010101001000000101111010000110011111100010110011001001001011111010010010100001001111100101010110111000110010001101111010011011000111100011100100110001110011101110011011000000010010100111111100110101100011111001101001010000111011010001101111100110000101100111111101011111011010101101101100111010010010001011100111010000001110000010111011001111101010000011011111010101110111100100011111010111
11111110000000000010110011001100100010111110011010000110111000100111111010001100100000111001011101111110001110001000101001010011111001101011011100011111000100010010011000100000000001010000101010000000011101100111000110101010010010101111101101010111101101100001100001011110101010001110011011001101001000111011011000110110000100110111111010110100000101111011011110101000111001001111110001111001111011010011001011000101000001001101001010000011101111001001101011110010011010011000100001100110101110011111011011000100
